Adam      M 2 97 94 99 91 77 98 62 63 70 79
Barbara   F 1 72 99 66 78 98 66 66 86 92 65
Celine    F 2 99 62 66 75 98 99 96 97 90 89
David     M 1 85 63 90 77 64 86 90 99 94 81
Erma      F 2 86 82 94 70 75 69 89 82 75 68
Frank     M 2 67 98 99 79 65 99 62 84 76 78
George    M 2 82 83 80 98 95 99 82 96 66 79
Hippotus  M 3 90 98 88 79 66 93 71 63 77 87
Ira       M 3 81 71 93 71 78 84 61 72 62 72
James     M 1 69 69 78 98 69 73 90 83 80 94
Kim       F 1 61 99 63 87 80 78 61 87 77 61
Leona     F 2 80 99 65 94 90 88 95 64 78 76
Lilith    F 3 100 100 100 100 100 100 100 100 2 99
Martin    M 1 70 75 95 99 93 62 60 71 92 91
Nancy     F 1 90 65 72 80 89 70 85 71 88 99
Oliver    M 3 65 69 66 91 86 83 69 66 67 63
Peter     M 2 75 83 65 76 73 69 89 89 87 72
Quincey   M 3 95 79 76 97 72 90 99 85 90 61
Robert    M 3 93 95 63 86 99 97 93 99 76 70
Samanatha F 1 68 76 99 95 69 85 89 73 96 96
Tabitha   F 1 68 99 66 62 84 67 93 98 82 92
Umberto   M 2 79 72 74 98 77 99 63 70 69 84
Valerie   F 1 96 93 68 87 64 86 66 72 96 69
Will      M 2 69 97 79 73 91 62 99 68 91 64
Xena      F 2 75 90 75 96 66 73 71 99 74 93
Yonas     F 2 83 77 72 97 83 67 99 97 66 74
Zev       M 1 62 81 67 70 76 99 99 89 64 78
